170.335048207357 206.372227493185 152.316458564443 72.0464039050939 77.0104469217942
170.840076018853 207.236708014055 152.641760021252 72.4525741397299 77.7512901751661
171.652694790454 208.973332234306 152.992376068528 73.1070603166287 79.6424779672438
171.818764193268 209.544768885442 152.955761847181 73.3206136730028 80.4665298275918
172.369559466708 210.760957923483 153.17386023832 73.8484265514766 81.8245094747543
172.575498604537 211.558050656079 153.084222578766 74.1813804763267 83.0223271665965
173.928538593112 213.791658664648 153.996978557344 75.2328725136115 84.8313428489259
174.503629661866 215.504506848026 154.003191068786 75.8433092806068 87.1337963427826
174.790492315242 216.715002091329 153.828237427199 76.357477852455 88.9937317709971
175.234194538732 217.892234768749 153.905174423723 76.8465545477862 90.474441482651
176.017780540939 219.530142574825 154.261599523996 77.6121517091798 92.2044774647033
176.850297523458 221.357553945111 154.596669312632 78.2403338833466 94.2137226804515
176.989004449503 222.54595034525 154.21053150163 78.6122734015833 96.3058500585074
177.73524208305 223.762030343993 154.721847952579 79.2904534905651 97.2633781868567
178.279604949382 224.924932260255 154.956941293945 80.0284647676667 98.5085100681641
179.243724191059 226.39176627801 155.669703147584 80.3379931143283 99.537537745152
179.473749296727 226.827607029067 155.796820430557 80.4040115830844 99.9530662820178
179.843006102683 227.606248284968 155.96138501154 80.6273047265709 100.776184936454
180.422987387473 229.261722420926 156.003619870746 81.2728576296649 102.922149450195
180.880284374968 230.532964187473 156.053944468716 81.6325163732682 104.544044030307
181.346377026971 231.409247242992 156.314941918961 81.9754107356519 105.369336656336
182.27278910187 233.558133972059 156.630116666776 82.4477267916251 107.80860970073
182.493371477653 234.051894563975 156.714109934492 82.9500060868703 108.353589338673
183.177726866552 235.017431499102 157.257874550277 83.1559362725102 108.932313589806
183.712130807711 236.104724657872 157.515833882631 83.5196820540595 110.03794595232
184.089232205477 237.593119393149 157.337288611641 83.9605120112017 112.229146977216
184.972843906853 238.940566801618 157.988982459471 84.260398682933 113.172562756342
185.224816188749 239.36731651432 158.153566025964 84.808608178605 113.524617198043
185.839261924892 240.347089481103 158.585348146786 85.2010397269237 114.26402240148
186.481962016574 241.661109903055 158.892388073334 85.6800115559865 115.60158918887
186.929707264083 242.539843445994 159.124639173128 86.0599088410903 116.461228643557
187.354340555566 243.210142067106 159.426439799796 86.4727681667833 116.958376321489
188.037664305818 244.420037310573 159.846477803441 86.7214571904336 118.013839859568
188.622957590229 245.741214429386 160.06382917065 87.2475320217479 119.471569372817
189.172413670498 246.891303650151 160.312968680671 87.9848491137065 120.663512472507
189.869301028088 248.727364162447 160.440269460909 88.8571953055662 122.905681558959
190.220945164579 249.882822473416 160.390006510161 89.3797924923255 124.478689559904
190.714457009407 250.726428312109 160.708471358056 89.7507985105221 125.17940842173
191.043654847882 251.415498505516 160.857733019065 89.788554397292 125.890927451768
191.919976579527 253.088879893838 161.335524922372 90.29407154544 127.472959115617
191.94202359098 253.218900877472 161.303584947734 90.4982518489066 127.682422608053
192.827739247908 254.543595511277 161.969811116223 91.1261727181279 128.573005870752
192.401266595121 254.5520252477 161.325887268832 91.1070368257383 129.390091325367
192.331433652741 254.298046895489 161.348127031367 91.2740639197497 129.031800123246
192.048845278677 253.713730761005 161.216402537513 90.7406577109487 128.436117199791
191.420774662074 252.596891386417 160.832716299902 90.3444563514486 127.462347795476
192.354576701452 253.946258980493 161.558735561931 90.6785971763251 128.310103558997
192.605140551163 254.303987124323 161.755717264583 91.2100457827464 128.529191864062
192.747794145054 254.514132246025 161.864625094569 91.2140040954166 128.666420780889
