170.504891417693 207.183592646218 152.16554080343 72.1441168245048 78.3153157939812
170.974366044707 207.496549296429 152.713274418846 72.3735509976033 78.0089970515467
171.416591064753 208.099597986944 153.075087603657 73.0323162670539 78.3453080009182
171.924055042178 209.542719462067 153.114722832234 73.4974993400436 80.2520136120729
172.418102612777 210.860177208502 153.197065314914 73.946411410066 81.9280309425615
173.118865831606 212.589921266647 153.383338114086 74.4636558016999 84.0207003851576
173.626587964684 213.099157354693 153.89030326968 75.1092212196812 84.0370017268849
174.155057802508 214.959868503591 153.752652451966 75.5464614898762 86.7305473254014
174.591344948737 216.444585374768 153.664724735721 76.3162285200732 88.8452681835536
175.32343366608 217.894671791129 154.037814603556 76.8203173045833 90.3035137406847
175.854985638343 219.699656975841 153.932649969594 77.5409400463421 92.8623343664662
176.649955837581 221.243408195303 154.35322965872 78.3348360190305 94.3790164254427
177.192368950124 222.862478584039 154.357314133167 78.930343400578 96.5372915901147
177.504678104007 223.468432913144 154.522800699439 78.9828899961411 97.1306038169737
178.203914780485 225.301969122002 154.654887609727 80.0639457368851 99.4027579993832
178.672564391053 226.079993208924 154.968849982117 80.0869181647234 100.031351970879
179.694902387334 227.366396797643 155.85915518218 80.4152961933004 100.589483678959
179.976157172412 228.033133957331 155.947668779952 80.7134919070007 101.361825264115
180.073477673042 228.847927785667 155.68625261673 80.7614715965834 102.782623377741
181.066390018965 230.863969339319 156.167600358788 81.5292878527847 104.836423726719
181.685875145131 231.956742248227 156.550441593583 82.2641679870498 105.791555181185
181.780917285843 232.299639218002 156.521556319763 82.5571863648317 106.28285888854
182.573175014334 234.526063049867 156.596730996567 82.8415285751886 109.130476128897
183.031456926195 235.000294365012 157.047038206787 83.3427379782083 109.179914219933
183.693030924908 236.218955260061 157.430068757332 83.7399571393098 110.298528500191
184.025859417657 237.528058546689 157.274759853141 84.0708681427676 112.223228215854
184.563298014979 238.568765516603 157.560564264167 84.5458207180778 113.229238524336
185.365462281211 239.8929153142 158.101735764717 84.9309273622951 114.282388720163
185.532548805605 240.3011917956 158.148227310607 85.1450579814698 114.760229243358
186.784359464876 242.337218490109 159.007929952259 85.7945364019047 116.343310823211
187.085306061662 242.871136472614 159.192390856186 86.1813719441866 116.810374508576
187.267447063688 243.229760807476 159.286290191794 86.0897174946153 117.162131056679
187.870848764327 244.49112548472 159.560710404131 86.7619522205328 118.469570608407
188.573288574556 245.730219679135 159.994823022266 87.4121424504033 119.54454859762
189.084575015865 246.939656006598 160.157034520498 87.894208940013 120.924012532863
189.467767424568 248.123246439287 160.140027917209 88.6093159444716 122.494368447526
190.132245403497 249.794621984246 160.301057113123 89.1385617452565 124.475433212771
190.591406527824 250.401774541243 160.686222521114 89.60652254953 124.783598906753
190.959963630184 251.183133306003 160.848378792275 90.0665029488503 125.599530108527
191.661413046518 252.487713420746 161.248262859404 90.3362533171951 126.798850156075
192.459161712408 254.173098230649 161.602193453287 90.6212454006116 128.551064159582
192.221644679606 253.867841457971 161.398546290424 90.6928808590532 128.408659047835
192.350038514247 253.879013575253 161.585550983744 91.2037175717919 128.188918611631
192.417691850754 254.375174700938 161.438950425662 91.2829796259517 129.018515849562
192.583383812566 254.338071503259 161.706039967219 91.0299163014389 128.635807531977
192.699009868536 254.48720831625 161.804910644679 90.6742705028549 128.706162188928
192.40213135988 254.180123163808 161.513135457916 90.872759532965 128.671747050422
192.002905315428 253.850365500013 161.079175223136 90.8260463874532 128.785755034604
192.376610110655 253.750736018104 161.689547156931 90.89101853548 127.891445436028
192.688612619263 254.27364619005 161.89609583387 91.1093030717949 128.313763961307
192.227664304385 253.732901273444 161.475045819856 90.5394871464504 128.137085465682
