170.284119164637 206.491493945342 152.180431774285 72.14166805992 77.3546301189211
170.926467841243 207.553516210702 152.612943656513 72.4513548457171 78.2204818127031
171.473241579019 208.696463415932 152.861630660562 73.0365895392013 79.4410075927666
172.213926272443 209.78120138481 153.43028871626 73.6343657238399 80.1550516779037
172.523620882023 210.424906021586 153.572978312241 73.9247644429036 80.8381106980052
173.373224596268 212.490787951538 153.814442918633 74.5992311645846 83.3150030785407
173.647104086043 213.134230425881 153.903540916124 75.1487758527263 84.0668604932633
174.388369538152 215.381966335401 153.891571139528 75.8490160691167 87.115988601211
175.141601908006 216.76197445362 154.331415635199 76.5273338901128 88.3943640994512
175.452970093229 218.107447882314 154.125731198686 77.0342305361534 90.4737905271192
175.795563021921 219.468133952748 153.959277556508 77.4548890182518 92.5173080885126
176.670352691372 221.281646689943 154.364705692087 78.1768450807546 94.415181929645
177.040617081945 222.162688509062 154.479581368387 78.7727300693717 95.4432893958563
177.6044773017 223.824494237208 154.494468833946 79.1298884636551 97.642392729418
178.398510508707 225.413630590873 154.890950467624 80.0567176466833 99.245250131245
178.432541285657 225.812610489563 154.742506683704 80.0027391784869 99.9688507071718
179.406995552024 226.857916764797 155.681534945637 80.3168869178672 100.142932390449
179.990778527282 227.993172144091 155.989581718877 80.4064764462649 101.254409217703
180.447468313446 229.579266062431 155.881569438953 81.1018791468648 103.501276016338
180.739624103507 230.094234951147 156.062318679687 81.3866145929171 103.951368371889
181.458707721148 231.446797955692 156.464662603876 81.9867033018363 105.226290789287
182.185037636179 233.595574630657 156.47976913894 82.6792624561584 108.051017452806
182.740041698095 234.210050664672 157.005037214807 82.949771775633 108.18944218335
183.153370649904 235.814095220875 156.823008364419 83.2018025619296 110.540881212846
183.866016620676 236.848844151288 157.37460285537 83.6820216526149 111.200479945964
184.044225157168 237.494193526073 157.319240972715 84.0521181606816 112.121845892309
184.644217449773 238.710217181612 157.611217583854 84.4007679211671 113.35088140425
185.269495284653 239.738582249946 158.034951802006 84.793330889962 114.164385612719
186.161134197515 241.196078042234 158.643662275156 85.4908168143972 115.306582615413
186.31974919031 241.678439637387 158.640403966771 85.4262551746871 115.944774221299
187.080287757244 242.761100540917 159.239881365407 86.2564076065598 116.60548919379
187.637729642401 243.736311630258 159.588438648472 86.4328491148976 117.443691439425
187.897971071789 244.365752518641 159.664080348363 86.816822693405 118.173989041215
188.2549318123 245.118997778464 159.822898829218 87.0746533508031 118.960854083486
188.846988930046 246.766964101249 159.887001344445 87.7808429235167 121.039169115158
189.988266494641 249.002868328588 160.480965577668 88.7583153721582 123.214555432032
190.383655333697 250.180503057 160.485231472045 89.3294118671892 124.747542110441
190.583587899782 250.659357048744 160.545703325301 89.7912756183583 125.296489029708
191.470323960005 251.965502124502 161.222734877757 89.8969382026247 126.149866955191
191.833962023548 252.898135903461 161.301875083591 90.26771156043 127.266584887902
192.41540571315 253.374832134051 161.9356925027 90.8488462149871 127.092607385401
192.153075218697 253.439502797014 161.509861429538 90.5818462551478 127.711220804773
191.783805939051 253.028280849566 161.161568483794 90.8696009872483 127.61211626726
192.680222204571 254.857560472931 161.591553070391 91.2813487476916 129.455300391114
192.190664735716 253.691617264456 161.440188471346 90.897433640945 128.126993722936
192.602288558403 254.347914676894 161.729475499157 90.870935709685 128.61926965648
192.189049063501 253.501209834675 161.532968677914 90.578033574395 127.762649876011
192.502295594042 254.79146842103 161.357709180548 91.0967305626661 129.661771123291
192.46450607166 254.199044662001 161.597236776489 91.2269350067466 128.591057772586
192.308604952668 253.751023576263 161.587395640871 90.7285119889702 128.019883754357
192.033224732691 253.245417381824 161.427128408124 90.3830897091002 127.562065297585
