15.928 15.350 14.971
16.947 15.86 15.113
15.082 16.197 14.056
15.607 15.638 17.447
15.704 16.140 15.942
16.762 17.358 16.259
16.397 17.286 17.454
17.719 17.681 17.317
17.952 16.828 18.381
18.148 17.384 17.484
17.092 18.960 18.354
16.935 17.714 18.702
19.314 19.190 18.327
20.383 19.801 20.950
21.031 19.612 20.758
20.054 19.224 20.593
19.85 19.417 21.378
20.080 19.575 20.836
20.134 20.033 22.410
21.555 20.029 21.524
22.799 21.602 21.724
21.860 21.803 22.648
21.997 21.222 22.857
21.372 23.195 22.811
22.666 22.791 22.204
22.871 23.804 23.198
23.937 24.119 22.966
21.996 23.789 23.078
22.969 23.676 22.868
24.318 25.732 23.367
23.395 24.677 24.460
25.432 25.456 23.821
23.833 24.826 25.420
24.894 26.279 25.161
23.748 27.055 25.523
24.791 26.578 25.184
25.696 26.054 25.789
27.508 26.751 25.100
27.211 25.108 25.743
26.901 28.308 26.042
26.288 27.428 26.705
27.371 26.906 26.319
25.421 25.557 26.33
25.939 27.180 26.581
28.221 24.968 26.185
26.206 24.887 27.359
24.589 27.182 25.126
27.836 25.838 27.254
28.855 26.096 27.901
26.697 26.959 26.624
26.267 26.895 26.111
