15.928
16.947
15.082
15.607
15.704
16.762
16.397
17.719
17.952
18.148
17.092
16.935
19.314
20.383
21.031
20.054
19.85
20.08
20.134
21.555
22.799
21.86
21.997
21.372
22.666
22.871
23.937
21.996
22.969
24.318
23.395
25.432
23.833
24.894
23.748
24.791
25.696
27.508
27.211
26.901
26.288
27.371
25.421
25.939
28.221
26.206
24.589
27.836
28.855
15.35
15.86
16.197
15.638
16.14
17.358
17.286
17.681
16.828
17.384
18.96
17.714
19.19
19.801
19.612
19.224
19.417
19.575
20.033
20.029
21.602
21.803
21.222
23.195
22.791
23.804
24.119
23.789
23.676
25.732
24.677
25.456
24.826
26.279
27.055
26.578
26.054
26.751
25.108
28.308
27.428
26.906
25.557
27.18
24.968
24.887
27.182
25.838
26.096
14.971
15.113
14.056
17.447
15.942
16.259
17.454
17.317
18.381
17.484
18.354
18.702
18.327
20.95
20.758
20.593
21.378
20.836
22.41
21.524
21.724
22.648
22.857
22.811
22.204
23.198
22.966
23.078
22.868
23.367
24.46
23.821
25.42
25.161
25.523
25.184
25.789
25.1
25.743
26.042
26.705
26.319
26.33
26.581
26.185
27.359
25.126
27.254
27.901
