170.335048207357 206.372227493185 152.316458564443 72.0464039050939 77.0104469217942
170.840076018853 207.236708014055 152.641760021252 72.4525741397299 77.7512901751661
171.652694790454 208.973332234306 152.992376068528 73.1070603166287 79.6424779672438
171.818764193268 209.544768885442 152.955761847181 73.3206136730028 80.4665298275918
172.369559466708 210.760957923483 153.17386023832 73.8484265514766 81.8245094747543
172.575498604537 211.558050656079 153.084222578766 74.1813804763267 83.0223271665965
173.928538593112 213.791658664648 153.996978557344 75.2328725136115 84.8313428489259
174.503629661866 215.504506848026 154.003191068786 75.8433092806068 87.1337963427826
174.790492315242 216.715002091329 153.828237427199 76.357477852455 88.9937317709971
175.234194538732 217.892234768749 153.905174423723 76.8465545477862 90.474441482651
176.017780540939 219.530142574825 154.261599523996 77.6121517091798 92.2044774647033
176.850297523458 221.357553945111 154.596669312632 78.2403338833466 94.2137226804515
176.989004449503 222.54595034525 154.21053150163 78.6122734015833 96.3058500585074
177.73524208305 223.762030343993 154.721847952579 79.2904534905651 97.2633781868567
178.279604949382 224.924932260255 154.956941293945 80.0284647676667 98.5085100681641
179.243724191059 226.39176627801 155.669703147584 80.3379931143283 99.537537745152
179.473749296727 226.827607029067 155.796820430557 80.4040115830844 99.9530662820178
179.843006102683 227.606248284968 155.96138501154 80.6273047265709 100.776184936454
180.422987387473 229.261722420926 156.003619870746 81.2728576296649 102.922149450195
180.880284374968 230.532964187473 156.053944468716 81.6325163732682 104.544044030307
181.346377026971 231.409247242992 156.314941918961 81.9754107356519 105.369336656336
182.27278910187 233.558133972059 156.630116666776 82.4477267916251 107.80860970073
182.493371477653 234.051894563975 156.714109934492 82.9500060868703 108.353589338673
183.177726866552 235.017431499102 157.257874550277 83.1559362725102 108.932313589806
183.712130807711 236.104724657872 157.515833882631 83.5196820540595 110.03794595232
184.089232205477 237.593119393149 157.337288611641 83.9605120112017 112.229146977216
184.972843906853 238.940566801618 157.988982459471 84.260398682933 113.172562756342
185.224816188749 239.36731651432 158.153566025964 84.808608178605 113.524617198043
185.839261924892 240.347089481103 158.585348146786 85.2010397269237 114.26402240148
186.481962016574 241.661109903055 158.892388073334 85.6800115559865 115.60158918887
186.929707264083 242.539843445994 159.124639173128 86.0599088410903 116.461228643557
187.354340555566 243.210142067106 159.426439799796 86.4727681667833 116.958376321489
188.037664305818 244.420037310573 159.846477803441 86.7214571904336 118.013839859568
188.622957590229 245.741214429386 160.06382917065 87.2475320217479 119.471569372817
189.172413670498 246.891303650151 160.312968680671 87.9848491137065 120.663512472507
189.869301028088 248.727364162447 160.440269460909 88.8571953055662 122.905681558959
190.220945164579 249.882822473416 160.390006510161 89.3797924923255 124.478689559904
190.714457009407 250.726428312109 160.708471358056 89.7507985105221 125.17940842173
191.043654847882 251.415498505516 160.857733019065 89.788554397292 125.890927451768
191.919976579527 253.088879893838 161.335524922372 90.29407154544 127.472959115617
191.94202359098 253.218900877472 161.303584947734 90.4982518489066 127.682422608053
192.827739247908 254.543595511277 161.969811116223 91.1261727181279 128.573005870752
192.401266595121 254.5520252477 161.325887268832 91.1070368257383 129.390091325367
192.331433652741 254.298046895489 161.348127031367 91.2740639197497 129.031800123246
192.048845278677 253.713730761005 161.216402537513 90.7406577109487 128.436117199791
191.420774662074 252.596891386417 160.832716299902 90.3444563514486 127.462347795476
192.354576701452 253.946258980493 161.558735561931 90.6785971763251 128.310103558997
192.605140551163 254.303987124323 161.755717264583 91.2100457827464 128.529191864062
192.747794145054 254.514132246025 161.864625094569 91.2140040954166 128.666420780889
170.284119164637 206.491493945342 152.180431774285 72.14166805992 77.3546301189211
170.926467841243 207.553516210702 152.612943656513 72.4513548457171 78.2204818127031
171.473241579019 208.696463415932 152.861630660562 73.0365895392013 79.4410075927666
172.213926272443 209.78120138481 153.43028871626 73.6343657238399 80.1550516779037
172.523620882023 210.424906021586 153.572978312241 73.9247644429036 80.8381106980052
173.373224596268 212.490787951538 153.814442918633 74.5992311645846 83.3150030785407
173.647104086043 213.134230425881 153.903540916124 75.1487758527263 84.0668604932633
174.388369538152 215.381966335401 153.891571139528 75.8490160691167 87.115988601211
175.141601908006 216.76197445362 154.331415635199 76.5273338901128 88.3943640994512
175.452970093229 218.107447882314 154.125731198686 77.0342305361534 90.4737905271192
175.795563021921 219.468133952748 153.959277556508 77.4548890182518 92.5173080885126
176.670352691372 221.281646689943 154.364705692087 78.1768450807546 94.415181929645
177.040617081945 222.162688509062 154.479581368387 78.7727300693717 95.4432893958563
177.6044773017 223.824494237208 154.494468833946 79.1298884636551 97.642392729418
178.398510508707 225.413630590873 154.890950467624 80.0567176466833 99.245250131245
178.432541285657 225.812610489563 154.742506683704 80.0027391784869 99.9688507071718
179.406995552024 226.857916764797 155.681534945637 80.3168869178672 100.142932390449
179.990778527282 227.993172144091 155.989581718877 80.4064764462649 101.254409217703
180.447468313446 229.579266062431 155.881569438953 81.1018791468648 103.501276016338
180.739624103507 230.094234951147 156.062318679687 81.3866145929171 103.951368371889
181.458707721148 231.446797955692 156.464662603876 81.9867033018363 105.226290789287
182.185037636179 233.595574630657 156.47976913894 82.6792624561584 108.051017452806
182.740041698095 234.210050664672 157.005037214807 82.949771775633 108.18944218335
183.153370649904 235.814095220875 156.823008364419 83.2018025619296 110.540881212846
183.866016620676 236.848844151288 157.37460285537 83.6820216526149 111.200479945964
184.044225157168 237.494193526073 157.319240972715 84.0521181606816 112.121845892309
184.644217449773 238.710217181612 157.611217583854 84.4007679211671 113.35088140425
185.269495284653 239.738582249946 158.034951802006 84.793330889962 114.164385612719
186.161134197515 241.196078042234 158.643662275156 85.4908168143972 115.306582615413
186.31974919031 241.678439637387 158.640403966771 85.4262551746871 115.944774221299
187.080287757244 242.761100540917 159.239881365407 86.2564076065598 116.60548919379
187.637729642401 243.736311630258 159.588438648472 86.4328491148976 117.443691439425
187.897971071789 244.365752518641 159.664080348363 86.816822693405 118.173989041215
188.2549318123 245.118997778464 159.822898829218 87.0746533508031 118.960854083486
188.846988930046 246.766964101249 159.887001344445 87.7808429235167 121.039169115158
189.988266494641 249.002868328588 160.480965577668 88.7583153721582 123.214555432032
190.383655333697 250.180503057 160.485231472045 89.3294118671892 124.747542110441
190.583587899782 250.659357048744 160.545703325301 89.7912756183583 125.296489029708
191.470323960005 251.965502124502 161.222734877757 89.8969382026247 126.149866955191
191.833962023548 252.898135903461 161.301875083591 90.26771156043 127.266584887902
192.41540571315 253.374832134051 161.9356925027 90.8488462149871 127.092607385401
192.153075218697 253.439502797014 161.509861429538 90.5818462551478 127.711220804773
191.783805939051 253.028280849566 161.161568483794 90.8696009872483 127.61211626726
192.680222204571 254.857560472931 161.591553070391 91.2813487476916 129.455300391114
192.190664735716 253.691617264456 161.440188471346 90.897433640945 128.126993722936
192.602288558403 254.347914676894 161.729475499157 90.870935709685 128.61926965648
192.189049063501 253.501209834675 161.532968677914 90.578033574395 127.762649876011
192.502295594042 254.79146842103 161.357709180548 91.0967305626661 129.661771123291
192.46450607166 254.199044662001 161.597236776489 91.2269350067466 128.591057772586
170.504891417693 207.183592646218 152.16554080343 72.1441168245048 78.3153157939812
170.974366044707 207.496549296429 152.713274418846 72.3735509976033 78.0089970515467
171.416591064753 208.099597986944 153.075087603657 73.0323162670539 78.3453080009182
171.924055042178 209.542719462067 153.114722832234 73.4974993400436 80.2520136120729
172.418102612777 210.860177208502 153.197065314914 73.946411410066 81.9280309425615
173.118865831606 212.589921266647 153.383338114086 74.4636558016999 84.0207003851576
173.626587964684 213.099157354693 153.89030326968 75.1092212196812 84.0370017268849
174.155057802508 214.959868503591 153.752652451966 75.5464614898762 86.7305473254014
174.591344948737 216.444585374768 153.664724735721 76.3162285200732 88.8452681835536
175.32343366608 217.894671791129 154.037814603556 76.8203173045833 90.3035137406847
175.854985638343 219.699656975841 153.932649969594 77.5409400463421 92.8623343664662
176.649955837581 221.243408195303 154.35322965872 78.3348360190305 94.3790164254427
177.192368950124 222.862478584039 154.357314133167 78.930343400578 96.5372915901147
177.504678104007 223.468432913144 154.522800699439 78.9828899961411 97.1306038169737
178.203914780485 225.301969122002 154.654887609727 80.0639457368851 99.4027579993832
178.672564391053 226.079993208924 154.968849982117 80.0869181647234 100.031351970879
179.694902387334 227.366396797643 155.85915518218 80.4152961933004 100.589483678959
179.976157172412 228.033133957331 155.947668779952 80.7134919070007 101.361825264115
180.073477673042 228.847927785667 155.68625261673 80.7614715965834 102.782623377741
181.066390018965 230.863969339319 156.167600358788 81.5292878527847 104.836423726719
181.685875145131 231.956742248227 156.550441593583 82.2641679870498 105.791555181185
181.780917285843 232.299639218002 156.521556319763 82.5571863648317 106.28285888854
182.573175014334 234.526063049867 156.596730996567 82.8415285751886 109.130476128897
183.031456926195 235.000294365012 157.047038206787 83.3427379782083 109.179914219933
183.693030924908 236.218955260061 157.430068757332 83.7399571393098 110.298528500191
184.025859417657 237.528058546689 157.274759853141 84.0708681427676 112.223228215854
184.563298014979 238.568765516603 157.560564264167 84.5458207180778 113.229238524336
185.365462281211 239.8929153142 158.101735764717 84.9309273622951 114.282388720163
185.532548805605 240.3011917956 158.148227310607 85.1450579814698 114.760229243358
186.784359464876 242.337218490109 159.007929952259 85.7945364019047 116.343310823211
187.085306061662 242.871136472614 159.192390856186 86.1813719441866 116.810374508576
187.267447063688 243.229760807476 159.286290191794 86.0897174946153 117.162131056679
187.870848764327 244.49112548472 159.560710404131 86.7619522205328 118.469570608407
188.573288574556 245.730219679135 159.994823022266 87.4121424504033 119.54454859762
189.084575015865 246.939656006598 160.157034520498 87.894208940013 120.924012532863
189.467767424568 248.123246439287 160.140027917209 88.6093159444716 122.494368447526
190.132245403497 249.794621984246 160.301057113123 89.1385617452565 124.475433212771
190.591406527824 250.401774541243 160.686222521114 89.60652254953 124.783598906753
190.959963630184 251.183133306003 160.848378792275 90.0665029488503 125.599530108527
191.661413046518 252.487713420746 161.248262859404 90.3362533171951 126.798850156075
192.459161712408 254.173098230649 161.602193453287 90.6212454006116 128.551064159582
192.221644679606 253.867841457971 161.398546290424 90.6928808590532 128.408659047835
192.350038514247 253.879013575253 161.585550983744 91.2037175717919 128.188918611631
192.417691850754 254.375174700938 161.438950425662 91.2829796259517 129.018515849562
192.583383812566 254.338071503259 161.706039967219 91.0299163014389 128.635807531977
192.699009868536 254.48720831625 161.804910644679 90.6742705028549 128.706162188928
192.40213135988 254.180123163808 161.513135457916 90.872759532965 128.671747050422
192.002905315428 253.850365500013 161.079175223136 90.8260463874532 128.785755034604
192.376610110655 253.750736018104 161.689547156931 90.89101853548 127.891445436028
