1501
2586
2653
1055
705
106
589
2468
2413
1600
2464
228
915
794
3021
3543
1073
3351
1744
1084
926
3049
1117
642
4767
501
4066
333
4684
486
1962
393
4842
4866
1755
2515
3585
4315
4966
2099
3599
4121
29
65
838
3906
3773
4635
3161
2659
4615
4628
2451
2846
1144
3078
1103
168
1670
2570
2377
4395
4257
3862
23
2633
3340
2215
3682
4724
1907
84
227
296
1001
2138
711
2801
2527
3752
3321
3181
4183
1615
3024
1413
763
655
4797
3849
4153
468
157
1295
497
4740
2940
3456
373
79
1553
1669
2131
4439
465
248
931
1335
4524
1338
1406
1090
4209
742
2323
3601
2123
2094
240
2351
1370
1057
4816
199
2280
4749
2220
4771
2819
3150
4256
3107
1973
1375
3968
4062
4445
3557
964
179
3698
3821
4878
3899
4487
3238
2974
3580
2887
2575
1419
3907
4673
4902
1860
8
2894
2847
3664
144
2104
3143
841
1128
151
3591
1052
1590
3008
2029
3418
1807
2696
3039
472
3289
4074
3496
279
1741
4624
2886
1941
100
2804
3570
3684
3661
530
1886
681
3794
3944
4666
2018
1096
829
2805
3829
4381
3891
764
2767
4328
3295
2194
2357
3425
3979
911
3145
999
3653
2483
4076
2370
4838
33
3789
1020
1647
733
4582
3274
1620
3135
2689
2707
297
2339
653
3774
1255
4520
230
3276
3230
691
2754
4863
969
633
4092
4077
1321
1831
2178
1417
1782
4715
4701
4118
1652
1483
2275
877
3525
2016
426
626
1589
2223
2217
4483
1485
1739
2480
2584
2893
149
676
1261
4917
12
1833
3248
1491
2727
3686
1424
4605
4595
731
1231
1634
3936
1210
3268
1934
553
491
2962
2329
2195
3064
657
2374
2225
4264
1170
132
471
3225
1405
2876
4504
4692
2826
287
1869
3114
3625
2312
4923
1618
994
1803
2642
4802
3535
4831
3911
2107
3044
416
977
2417
505
4152
4255
3941
414
4148
1183
485
893
805
555
3825
1197
4253
4058
1293
2221
3504
3654
4758
3006
2093
2187
3036
3918
1272
290
4827
252
3245
350
1187
1961
422
90
3729
2236
670
3040
26
429
683
4463
3945
3523
1541
2031
2232
4120
3235
254
1029
4392
3800
4310
2509
2292
1323
1550
4647
315
1242
2450
1578
4625
3116
69
859
2753
1632
1650
3860
3106
1074
4001
787
2605
3630
2121
1874
811
387
2882
1175
3197
2623
1351
410
4212
109
4995
3429
2809
2594
2836
2372
1235
2146
4975
599
1434
4996
538
721
4410
1872
2845
2053
2907
2254
3912
177
2890
3673
80
2561
1723
1617
1654
2328
4613
221
93
2609
3382
4415
1397
4686
1292
2164
2939
3668
812
1258
889
1451
3316
2559
3574
2680
4651
4811
4679
2964
2672
561
2778
2948
2817
2758
1756
724
219
4139
3957
1588
3347
3970
4707
43
3001
210
677
354
1433
949
2843
577
3928
544
367
1612
3550
