174.178157175106 222.904554497556 149.814958513881 79.0587132484866 102.468027774432
173.736273338234 222.225544364205 149.491637825249 78.8388499668397 101.984937524108
174.438470945663 222.801341887831 150.257035474579 79.2797634839733 101.76303753861
175.019967619101 223.719745470286 150.670078693509 79.5234665400684 102.447899130914
175.527583838963 224.711476725083 150.935637395903 79.7086927883232 103.419094700978
175.754581749373 225.002380401673 151.130682423223 79.6008915499421 103.55342827729
176.144673932762 225.691477796779 151.371272000753 79.9187779592335 104.155940279857
176.974369110081 226.562439024038 152.180334153102 80.3876722441534 104.269126818087
177.398412269845 227.224274181448 152.485481314044 80.42053339561 104.752719658263
177.764789344732 227.690080578365 152.802143727915 80.4050159192867 104.962236820634
178.354434630985 228.335808102742 153.363747895106 80.9776907742151 105.095218487981
178.83924279752 229.196813725173 153.660457333693 81.0305481513566 105.853009478241
179.523809305627 229.97314093833 154.299143489275 81.1550934562329 106.059829225061
179.602468502115 230.122738856028 154.342333325159 81.0685294266482 106.202218736437
180.621729848829 231.817658957095 155.023765294696 81.60002400301 107.568463811424
180.662742744215 231.773964870168 155.107131681238 81.4993437635034 107.403854710577
181.055978318301 232.814416587513 155.176759183695 81.5851124273285 108.688776137618
182.053277090598 233.858389313559 156.150720979117 81.8478551939332 108.82004011192
182.430961773556 234.334934935279 156.478975192695 82.0960910991601 109.028905427076
182.607342325957 234.74491564604 156.538555665916 82.1903606576337 109.493934162927
183.421125023367 236.040051119892 157.111661975105 82.6080492064014 110.469827176265
184.160971168425 236.54898518767 157.966964158802 82.9523561290488 110.046815595365
184.620940631058 238.065232152091 157.898794870542 83.0632842226876 112.134451979758
184.874925591105 238.518337320755 158.05321972628 83.4679758765947 112.534414258512
185.769915443671 240.053551698622 158.628097316196 84.2434991407003 113.823145456767
185.817836743091 240.408321242564 158.522594493354 84.235109994469 114.42453821814
186.344080315846 241.120891212323 158.955674867608 84.5784539910831 114.810536071109
186.584601153002 241.54211255869 159.105845450158 84.8863190538766 115.173466217802
187.030327360357 242.669897063834 159.210542508618 85.271123728885 116.522942149306
187.237284929003 242.651090433194 159.530382176907 85.5277065818879 116.09159144711
187.756599724807 243.5783847373 159.84570721856 86.0960318946837 116.909449362973
187.923484017717 244.17637750164 159.797037275756 86.3714257587298 117.756706364716
188.689683624779 245.833757952406 160.117646460966 86.7424523780354 119.524744462247
189.347267834 247.076279294092 160.482762103954 87.2481841783531 120.691072163522
189.460599913718 247.771306318827 160.305246711164 87.7405190118646 121.825466341892
189.745184323203 248.769454250295 160.233049359657 88.3661451305997 123.221909281822
190.807255719187 250.259360232354 161.081203462603 89.097878941833 124.10037471493
191.298522259007 251.736974144898 161.079296316061 89.7057345195317 126.031949618103
191.311875061631 251.797237126232 161.069194029331 89.8862731238851 126.123250056631
191.351304645894 251.938255314012 161.057829311835 90.0697522078666 126.321449982116
192.115535370131 253.377223078912 161.484691515741 90.2467908324001 127.661631087715
192.695333277782 254.393942503125 161.846028665111 90.8460642428082 128.533194813996
192.432211277141 254.185726928586 161.555453451418 90.8616140900134 128.62604811093
192.14696896175 254.097562326111 161.17167227957 90.6177658245433 128.991699523349
192.354360992643 254.074014882219 161.494534047855 90.8084875310101 128.556890958954
192.479280272054 253.406475390079 162.015682713041 90.6358359866795 127.033430847486
192.203909820136 253.961445585195 161.325141937606 90.6352024290503 128.62245220988
192.228734173827 253.90141266074 161.39239493037 91.0057974572453 128.460076116631
192.223350115643 253.461345704862 161.604352321033 90.5951843703381 127.621186841764
191.970867050324 253.241196509835 161.335702320568 90.5338082827986 127.671204951193
1000 1000 1000 1000 1000
