174.500643627553 223.164443651248 150.168743615705 79.1948733632486 102.357334461706
173.909431271721 222.48832450771 149.619984653727 78.9096846880683 102.167765914274
174.571867156496 223.324161360595 150.195720054446 79.3933088670949 102.534048463728
174.907762652652 223.745572580775 150.48885768859 79.3594084121916 102.715039542348
175.057368156666 224.111727319389 150.530188575304 79.3326323180416 103.146417720205
175.80368694203 225.057839864839 151.176610480626 79.5784718137965 103.567808659958
176.607078940572 225.911947750821 151.954644535447 80.0783302067071 103.698370434088
176.866902566452 226.320662626917 152.14002253622 80.2642653362569 104.001027511612
177.716405318257 227.620877740524 152.764169107123 80.6361074921734 104.919464757081
177.762870067259 227.605842962648 152.841383619564 80.5713670460023 104.800434409119
178.271711290935 227.984175926554 153.415478973125 80.86145424933 104.563460222214
178.706495415349 229.060718447456 153.529383899295 80.8668662968698 105.841264646041
178.995627305726 229.442318090725 153.772281913226 80.9650852151253 106.034104079271
180.002378189874 230.865721900673 154.570706334475 81.303587232203 106.891434539529
180.161040483843 230.748551031034 154.867285210247 81.4263966191669 106.355962478809
180.897716660713 232.376568575622 155.158290703258 81.6072658917994 108.1343508884
181.404572408566 232.78081992677 155.716448649464 81.6917233124794 107.953108942526
182.181401592727 234.310489690326 156.116857543928 81.9864212423737 109.460253752484
182.269952803876 234.205126819111 156.302365796259 81.9137680870366 109.083688611162
182.847362355442 235.086461016493 156.727813024916 82.4620054971005 109.702527847294
183.226625200747 235.842327209308 156.918774196467 82.5937593077567 110.45566540808
183.790633611005 236.293920542186 157.538990145414 82.6152706938633 110.258067557194
184.640311530571 237.724742929111 158.098095831301 83.3784001172932 111.43082828912
185.134668551812 238.652474302063 158.375765676687 83.6163260507085 112.299330480256
185.799247932643 240.163000642635 158.617371577647 84.2296346439318 113.980909853555
185.878967273347 240.374998258683 158.630951780679 84.4806996634853 114.242649303176
186.338114391661 241.228709161784 158.8928170066 84.7785152417851 115.032413061143
186.264625594937 241.092751148442 158.850562818184 84.9445371022378 114.907362237255
187.139263948463 242.79767009434 159.310060875525 85.3637946676882 116.56435727069
187.246340655471 243.131593802747 159.303714081833 85.4813197974617 117.01108288801
187.599978419122 243.775563296339 159.512185980514 85.9092793779662 117.592025502758
187.381487534888 243.713869002034 159.215296801315 86.0399827371336 117.887729387694
188.682720077381 245.740457992898 160.153851119623 86.7197066232132 119.356542512398
189.0879857199 246.692411721901 160.285772718899 87.2978418573953 120.437344898624
189.21529960338 247.431421153965 160.107238828088 87.6637437788114 121.63070361574
189.549349441377 247.948895991412 160.349576166359 88.2130211747748 122.001882568371
190.886387337192 250.614791792379 161.022185109599 89.2343317795231 124.639014336195
191.102411579384 251.087003171197 161.110115783477 89.2795412507986 125.144980705875
191.761541296097 252.34304909521 161.47078739654 90.07051468301 126.330756207665
191.618573405744 252.18975376626 161.332983225486 90.0536425814952 126.303899625405
191.87685148465 252.925508954011 161.35252274997 90.4237355400295 127.238725656834
192.440463135888 253.661236034271 161.830076686696 90.8068288329512 127.598558338722
192.71882021957 254.498925416823 161.828767620944 90.9450378647508 128.69153634488
192.113503924449 253.877987286735 161.231262243306 90.7114161858148 128.631344606524
192.405395645458 253.979386717444 161.618400109465 91.0379475006451 128.278489927914
191.99748604774 253.141662040006 161.425398051607 90.6495433901878 127.429025197314
192.232969535993 253.975207115597 161.361850746191 90.6612171542151 128.594404303147
192.559708574019 254.086411675018 161.796357023519 90.8291517576335 128.194871479671
192.099032520084 253.639072999509 161.329012280371 90.772532125275 128.197858956237
192.920870969138 254.61840106098 162.072105923217 90.8372373612251 128.542250641827
1000 1000 1000 1000 1000
