174.241289117351 223.028604681326 149.847631335364 79.0738289773685 102.59018330757
174.111127449486 222.680259997454 149.826561175502 79.0691256615463 102.156300930118
174.670205032523 223.448570955431 150.281022071069 79.2340134373318 102.589072450994
174.685325761675 223.656766396868 150.199605444078 79.238182473765 102.969127106587
175.215322124426 224.462447479516 150.591759446881 79.2125330060918 103.531245565241
175.675677593735 224.91374681212 151.056642984543 79.5631316054888 103.531265590126
176.375973888481 225.509490198556 151.809215733444 80.0275307988901 103.352609984106
176.84614553019 226.404983709045 152.066726440763 80.2503695262058 104.206739188963
177.352486001099 226.83446237316 152.611497815069 80.5251298911316 104.075114750614
177.860591346845 227.890968700324 152.845402670105 80.6222998208817 105.172369301491
178.52248827883 228.334970203707 153.616247316392 81.047496669657 104.769706593418
178.38566876447 228.402259453479 153.377373419965 80.7348559350353 105.165624224142
179.300530934201 230.276787819432 153.812402491585 81.1438812559421 107.08532210244
180.229079854657 231.011749143677 154.837745210147 81.3425139135722 106.741909775804
180.288413684519 231.034919751094 154.915160651232 81.4598948350579 106.673204502427
181.039278652058 232.052834586677 155.532500684748 81.6483723968166 107.226859154399
181.50674089962 233.118752207959 155.70073524545 81.9258850523434 108.419657958581
181.843611597702 233.504899908694 156.012967442206 81.908096005538 108.529652043127
182.483473477813 234.734595532662 156.357912450388 82.1804422235397 109.711506177533
183.127192586954 235.087268610131 157.147154575365 82.469373343865 109.166509332689
183.332678697725 235.795057216254 157.101489438461 82.5403707476044 110.159552430446
184.164183401113 236.858665617614 157.816942292862 82.9745158856135 110.647738083841
184.567755948361 237.903077405204 157.900095219939 83.130119402173 111.919043951896
185.402513707321 239.055370694532 158.576085213715 83.7074104515513 112.574558233307
185.531970428591 239.93318396518 158.331363660296 84.1696594653499 114.04288884354
185.57819051692 239.879188756809 158.427691396976 84.3042521474531 113.84906147563
185.875949722836 240.102955961109 158.762446603699 84.417775250382 113.716890438683
186.633863117919 241.6556766773 159.122956338229 84.9388864483982 115.301060198348
186.849010608053 242.113567913536 159.216731955311 84.9744536455685 115.783870191666
187.347460981196 243.375084974201 159.333648984694 85.7293611035287 117.292834662893
187.876389577802 244.099374554087 159.764897089659 86.1351738012475 117.696401405796
187.930810332488 244.38198575003 159.705222623717 86.3239247308578 118.143106593527
188.431310747541 245.12547183066 160.084230205982 86.6950343768682 118.638072186293
189.207962789274 246.613796672077 160.505045847873 87.2578365881918 120.056796346722
189.214630000288 247.055460516407 160.294214742229 87.6968691856551 120.902246997757
190.009292113485 249.033090700189 160.497392820133 88.3196747069164 123.233355937432
190.76834553375 250.440392101877 160.932322249686 89.1216695805336 124.524348372525
191.108832090968 251.302707042345 161.011894615279 89.3673063842469 125.550040979216
191.160322874137 251.878573503925 160.801197559243 89.7429628086004 126.565791295713
192.009553028931 253.107194197933 161.46073244443 90.2043842423467 127.339779759327
191.910857910882 253.618399074331 161.057087329158 90.388911351765 128.511484248349
192.735166407783 254.243802354439 161.980848434455 91.1127124439815 128.168639771848
192.034982374813 253.403056721513 161.350945201463 90.6423317189256 127.862965984834
192.305497385965 253.971698088738 161.472397034579 90.8358574991068 128.451391938505
192.359519031837 254.10892046135 161.48481831708 90.9920002679677 128.614505538014
192.709349312858 254.374751237798 161.876648350388 90.7406577242636 128.469832685789
192.006337731002 253.727030277943 161.145991457531 90.7214171196349 128.541591831246
192.170859796555 253.831404666712 161.340587361476 90.7017781712217 128.43380738188
192.330220735195 253.699779979967 161.645441112809 90.912692104373 127.880354087412
191.814003092013 253.06035587713 161.190826699455 90.6791974720114 127.617225212077
1000 1000 1000 1000 1000
