18.866 18.053 18.176
17.857 17.697 18.311
17.957 16.903 18.461
16.994 17.246 18.697
17.471 19.109 19.887
18.719 17.636 19.356
19.026 19.507 18.016
18.671 20.647 19.389
18.250 19.413 20.829
19.670 19.673 18.175
19.628 18.835 20.775
20.523 19.794 19.047
20.086 18.796 19.237
19.215 19.574 19.671
20.402 19.909 19.909
21.956 21.301 19.42
22.471 20.651 21.292
20.268 22.047 21.669
22.635 21.54 21.135
23.373 22.118 22.486
22.639 22.323 22.117
23.606 23.607 23.194
22.662 23.445 24.817
23.542 22.434 22.876
24.454 21.573 23.617
24.492 22.832 24.407
24.485 23.933 25.052
22.593 23.562 24.727
22.394 25.064 23.868
24.745 22.311 25.154
24.868 24.537 25.392
25.003 25.950 25.392
24.374 24.301 23.847
24.914 24.639 25.675
25.838 26.788 24.315
25.542 24.005 25.776
25.545 26.843 25.970
24.557 24.965 23.045
27.777 27.528 24.548
26.773 26.199 28.193
26.585 26.465 25.341
26.704 26.340 26.607
27.876 26.111 28.087
27.429 28.960 28.430
27.951 27.179 24.227
26.809 25.913 26.928
26.977 27.797 26.809
26.570 26.043 27.942
28.976 26.274 26.390
27.876 26.874 26.503
1000 1000 1000
