18.866
17.857
17.957
16.994
17.471
18.719
19.026
18.671
18.25
19.67
19.628
20.523
20.086
19.215
20.402
21.956
22.471
20.268
22.635
23.373
22.639
23.606
22.662
23.542
24.454
24.492
24.485
22.593
22.394
24.745
24.868
25.003
24.374
24.914
25.838
25.542
25.545
24.557
27.777
26.773
26.585
26.704
27.876
27.429
27.951
26.809
26.977
26.57
28.976
18.053
17.697
16.903
17.246
19.109
17.636
19.507
20.647
19.413
19.673
18.835
19.794
18.796
19.574
19.909
21.301
20.651
22.047
21.54
22.118
22.323
23.607
23.445
22.434
21.573
22.832
23.933
23.562
25.064
22.311
24.537
25.95
24.301
24.639
26.788
24.005
26.843
24.965
27.528
26.199
26.465
26.34
26.111
28.96
27.179
25.913
27.797
26.043
26.274
18.176
18.311
18.461
18.697
19.887
19.356
18.016
19.389
20.829
18.175
20.775
19.047
19.237
19.671
19.909
19.42
21.292
21.669
21.135
22.486
22.117
23.194
24.817
22.876
23.617
24.407
25.052
24.727
23.868
25.154
25.392
25.392
23.847
25.675
24.315
25.776
25.97
23.045
24.548
28.193
25.341
26.607
28.087
28.43
24.227
26.928
26.809
27.942
26.39
