174.178157175106 222.904554497556 149.814958513881 79.0587132484866 102.468027774432
173.736273338234 222.225544364205 149.491637825249 78.8388499668397 101.984937524108
174.438470945663 222.801341887831 150.257035474579 79.2797634839733 101.76303753861
175.019967619101 223.719745470286 150.670078693509 79.5234665400684 102.447899130914
175.527583838963 224.711476725083 150.935637395903 79.7086927883232 103.419094700978
175.754581749373 225.002380401673 151.130682423223 79.6008915499421 103.55342827729
176.144673932762 225.691477796779 151.371272000753 79.9187779592335 104.155940279857
176.974369110081 226.562439024038 152.180334153102 80.3876722441534 104.269126818087
177.398412269845 227.224274181448 152.485481314044 80.42053339561 104.752719658263
177.764789344732 227.690080578365 152.802143727915 80.4050159192867 104.962236820634
178.354434630985 228.335808102742 153.363747895106 80.9776907742151 105.095218487981
178.83924279752 229.196813725173 153.660457333693 81.0305481513566 105.853009478241
179.523809305627 229.97314093833 154.299143489275 81.1550934562329 106.059829225061
179.602468502115 230.122738856028 154.342333325159 81.0685294266482 106.202218736437
180.621729848829 231.817658957095 155.023765294696 81.60002400301 107.568463811424
180.662742744215 231.773964870168 155.107131681238 81.4993437635034 107.403854710577
181.055978318301 232.814416587513 155.176759183695 81.5851124273285 108.688776137618
182.053277090598 233.858389313559 156.150720979117 81.8478551939332 108.82004011192
182.430961773556 234.334934935279 156.478975192695 82.0960910991601 109.028905427076
182.607342325957 234.74491564604 156.538555665916 82.1903606576337 109.493934162927
183.421125023367 236.040051119892 157.111661975105 82.6080492064014 110.469827176265
184.160971168425 236.54898518767 157.966964158802 82.9523561290488 110.046815595365
184.620940631058 238.065232152091 157.898794870542 83.0632842226876 112.134451979758
184.874925591105 238.518337320755 158.05321972628 83.4679758765947 112.534414258512
185.769915443671 240.053551698622 158.628097316196 84.2434991407003 113.823145456767
185.817836743091 240.408321242564 158.522594493354 84.235109994469 114.42453821814
186.344080315846 241.120891212323 158.955674867608 84.5784539910831 114.810536071109
186.584601153002 241.54211255869 159.105845450158 84.8863190538766 115.173466217802
187.030327360357 242.669897063834 159.210542508618 85.271123728885 116.522942149306
187.237284929003 242.651090433194 159.530382176907 85.5277065818879 116.09159144711
187.756599724807 243.5783847373 159.84570721856 86.0960318946837 116.909449362973
187.923484017717 244.17637750164 159.797037275756 86.3714257587298 117.756706364716
188.689683624779 245.833757952406 160.117646460966 86.7424523780354 119.524744462247
189.347267834 247.076279294092 160.482762103954 87.2481841783531 120.691072163522
189.460599913718 247.771306318827 160.305246711164 87.7405190118646 121.825466341892
189.745184323203 248.769454250295 160.233049359657 88.3661451305997 123.221909281822
190.807255719187 250.259360232354 161.081203462603 89.097878941833 124.10037471493
191.298522259007 251.736974144898 161.079296316061 89.7057345195317 126.031949618103
191.311875061631 251.797237126232 161.069194029331 89.8862731238851 126.123250056631
191.351304645894 251.938255314012 161.057829311835 90.0697522078666 126.321449982116
192.115535370131 253.377223078912 161.484691515741 90.2467908324001 127.661631087715
192.695333277782 254.393942503125 161.846028665111 90.8460642428082 128.533194813996
192.432211277141 254.185726928586 161.555453451418 90.8616140900134 128.62604811093
192.14696896175 254.097562326111 161.17167227957 90.6177658245433 128.991699523349
192.354360992643 254.074014882219 161.494534047855 90.8084875310101 128.556890958954
192.479280272054 253.406475390079 162.015682713041 90.6358359866795 127.033430847486
192.203909820136 253.961445585195 161.325141937606 90.6352024290503 128.62245220988
192.228734173827 253.90141266074 161.39239493037 91.0057974572453 128.460076116631
192.223350115643 253.461345704862 161.604352321033 90.5951843703381 127.621186841764
174.241289117351 223.028604681326 149.847631335364 79.0738289773685 102.59018330757
174.111127449486 222.680259997454 149.826561175502 79.0691256615463 102.156300930118
174.670205032523 223.448570955431 150.281022071069 79.2340134373318 102.589072450994
174.685325761675 223.656766396868 150.199605444078 79.238182473765 102.969127106587
175.215322124426 224.462447479516 150.591759446881 79.2125330060918 103.531245565241
175.675677593735 224.91374681212 151.056642984543 79.5631316054888 103.531265590126
176.375973888481 225.509490198556 151.809215733444 80.0275307988901 103.352609984106
176.84614553019 226.404983709045 152.066726440763 80.2503695262058 104.206739188963
177.352486001099 226.83446237316 152.611497815069 80.5251298911316 104.075114750614
177.860591346845 227.890968700324 152.845402670105 80.6222998208817 105.172369301491
178.52248827883 228.334970203707 153.616247316392 81.047496669657 104.769706593418
178.38566876447 228.402259453479 153.377373419965 80.7348559350353 105.165624224142
179.300530934201 230.276787819432 153.812402491585 81.1438812559421 107.08532210244
180.229079854657 231.011749143677 154.837745210147 81.3425139135722 106.741909775804
180.288413684519 231.034919751094 154.915160651232 81.4598948350579 106.673204502427
181.039278652058 232.052834586677 155.532500684748 81.6483723968166 107.226859154399
181.50674089962 233.118752207959 155.70073524545 81.9258850523434 108.419657958581
181.843611597702 233.504899908694 156.012967442206 81.908096005538 108.529652043127
182.483473477813 234.734595532662 156.357912450388 82.1804422235397 109.711506177533
183.127192586954 235.087268610131 157.147154575365 82.469373343865 109.166509332689
183.332678697725 235.795057216254 157.101489438461 82.5403707476044 110.159552430446
184.164183401113 236.858665617614 157.816942292862 82.9745158856135 110.647738083841
184.567755948361 237.903077405204 157.900095219939 83.130119402173 111.919043951896
185.402513707321 239.055370694532 158.576085213715 83.7074104515513 112.574558233307
185.531970428591 239.93318396518 158.331363660296 84.1696594653499 114.04288884354
185.57819051692 239.879188756809 158.427691396976 84.3042521474531 113.84906147563
185.875949722836 240.102955961109 158.762446603699 84.417775250382 113.716890438683
186.633863117919 241.6556766773 159.122956338229 84.9388864483982 115.301060198348
186.849010608053 242.113567913536 159.216731955311 84.9744536455685 115.783870191666
187.347460981196 243.375084974201 159.333648984694 85.7293611035287 117.292834662893
187.876389577802 244.099374554087 159.764897089659 86.1351738012475 117.696401405796
187.930810332488 244.38198575003 159.705222623717 86.3239247308578 118.143106593527
188.431310747541 245.12547183066 160.084230205982 86.6950343768682 118.638072186293
189.207962789274 246.613796672077 160.505045847873 87.2578365881918 120.056796346722
189.214630000288 247.055460516407 160.294214742229 87.6968691856551 120.902246997757
190.009292113485 249.033090700189 160.497392820133 88.3196747069164 123.233355937432
190.76834553375 250.440392101877 160.932322249686 89.1216695805336 124.524348372525
191.108832090968 251.302707042345 161.011894615279 89.3673063842469 125.550040979216
191.160322874137 251.878573503925 160.801197559243 89.7429628086004 126.565791295713
192.009553028931 253.107194197933 161.46073244443 90.2043842423467 127.339779759327
191.910857910882 253.618399074331 161.057087329158 90.388911351765 128.511484248349
192.735166407783 254.243802354439 161.980848434455 91.1127124439815 128.168639771848
192.034982374813 253.403056721513 161.350945201463 90.6423317189256 127.862965984834
192.305497385965 253.971698088738 161.472397034579 90.8358574991068 128.451391938505
192.359519031837 254.10892046135 161.48481831708 90.9920002679677 128.614505538014
192.709349312858 254.374751237798 161.876648350388 90.7406577242636 128.469832685789
192.006337731002 253.727030277943 161.145991457531 90.7214171196349 128.541591831246
192.170859796555 253.831404666712 161.340587361476 90.7017781712217 128.43380738188
192.330220735195 253.699779979967 161.645441112809 90.912692104373 127.880354087412
174.500643627553 223.164443651248 150.168743615705 79.1948733632486 102.357334461706
173.909431271721 222.48832450771 149.619984653727 78.9096846880683 102.167765914274
174.571867156496 223.324161360595 150.195720054446 79.3933088670949 102.534048463728
174.907762652652 223.745572580775 150.48885768859 79.3594084121916 102.715039542348
175.057368156666 224.111727319389 150.530188575304 79.3326323180416 103.146417720205
175.80368694203 225.057839864839 151.176610480626 79.5784718137965 103.567808659958
176.607078940572 225.911947750821 151.954644535447 80.0783302067071 103.698370434088
176.866902566452 226.320662626917 152.14002253622 80.2642653362569 104.001027511612
177.716405318257 227.620877740524 152.764169107123 80.6361074921734 104.919464757081
177.762870067259 227.605842962648 152.841383619564 80.5713670460023 104.800434409119
178.271711290935 227.984175926554 153.415478973125 80.86145424933 104.563460222214
178.706495415349 229.060718447456 153.529383899295 80.8668662968698 105.841264646041
178.995627305726 229.442318090725 153.772281913226 80.9650852151253 106.034104079271
180.002378189874 230.865721900673 154.570706334475 81.303587232203 106.891434539529
180.161040483843 230.748551031034 154.867285210247 81.4263966191669 106.355962478809
180.897716660713 232.376568575622 155.158290703258 81.6072658917994 108.1343508884
181.404572408566 232.78081992677 155.716448649464 81.6917233124794 107.953108942526
182.181401592727 234.310489690326 156.116857543928 81.9864212423737 109.460253752484
182.269952803876 234.205126819111 156.302365796259 81.9137680870366 109.083688611162
182.847362355442 235.086461016493 156.727813024916 82.4620054971005 109.702527847294
183.226625200747 235.842327209308 156.918774196467 82.5937593077567 110.45566540808
183.790633611005 236.293920542186 157.538990145414 82.6152706938633 110.258067557194
184.640311530571 237.724742929111 158.098095831301 83.3784001172932 111.43082828912
185.134668551812 238.652474302063 158.375765676687 83.6163260507085 112.299330480256
185.799247932643 240.163000642635 158.617371577647 84.2296346439318 113.980909853555
185.878967273347 240.374998258683 158.630951780679 84.4806996634853 114.242649303176
186.338114391661 241.228709161784 158.8928170066 84.7785152417851 115.032413061143
186.264625594937 241.092751148442 158.850562818184 84.9445371022378 114.907362237255
187.139263948463 242.79767009434 159.310060875525 85.3637946676882 116.56435727069
187.246340655471 243.131593802747 159.303714081833 85.4813197974617 117.01108288801
187.599978419122 243.775563296339 159.512185980514 85.9092793779662 117.592025502758
187.381487534888 243.713869002034 159.215296801315 86.0399827371336 117.887729387694
188.682720077381 245.740457992898 160.153851119623 86.7197066232132 119.356542512398
189.0879857199 246.692411721901 160.285772718899 87.2978418573953 120.437344898624
189.21529960338 247.431421153965 160.107238828088 87.6637437788114 121.63070361574
189.549349441377 247.948895991412 160.349576166359 88.2130211747748 122.001882568371
190.886387337192 250.614791792379 161.022185109599 89.2343317795231 124.639014336195
191.102411579384 251.087003171197 161.110115783477 89.2795412507986 125.144980705875
191.761541296097 252.34304909521 161.47078739654 90.07051468301 126.330756207665
191.618573405744 252.18975376626 161.332983225486 90.0536425814952 126.303899625405
191.87685148465 252.925508954011 161.35252274997 90.4237355400295 127.238725656834
192.440463135888 253.661236034271 161.830076686696 90.8068288329512 127.598558338722
192.71882021957 254.498925416823 161.828767620944 90.9450378647508 128.69153634488
192.113503924449 253.877987286735 161.231262243306 90.7114161858148 128.631344606524
192.405395645458 253.979386717444 161.618400109465 91.0379475006451 128.278489927914
191.99748604774 253.141662040006 161.425398051607 90.6495433901878 127.429025197314
192.232969535993 253.975207115597 161.361850746191 90.6612171542151 128.594404303147
192.559708574019 254.086411675018 161.796357023519 90.8291517576335 128.194871479671
192.099032520084 253.639072999509 161.329012280371 90.772532125275 128.197858956237
