180.481476337739 211.320845598655 165.061791707281 69.6195651391868 66.5458619456664
180.834843681031 211.88900513308 165.307762955007 69.9611318147586 66.9956295524749
181.209218769865 212.745105044074 165.441275632761 70.4681922154868 67.997345307142
181.24694037727 214.528496019913 164.606162555949 70.8629455056931 71.5967532287223
182.491718286594 216.348852131508 165.563151364137 71.5102867853269 72.8018735671817
183.069019627354 217.560321260863 165.8233688106 72.0276004369919 74.1145234567324
183.245099520067 218.880773456425 165.427262551888 72.519052572817 76.4628345569151
183.892096785014 220.409035673415 165.633627340813 73.1591085225146 78.277084288217
184.068915263678 221.904957367011 165.150894212011 73.5687696096687 80.9701659266683
184.995026984278 223.535653690249 165.724713631292 74.2707247738388 82.4235189144676
185.513139471036 224.934755801317 165.802331305896 74.5741713523721 84.2242168044027
185.667612761699 226.079853369622 165.461492457737 75.0909804376545 86.2350794876155
186.169586361534 226.92686470455 165.790947190026 75.5894615899385 86.945242594959
186.334224029894 227.565069987765 165.718801050959 75.8003977697213 87.9065533583696
187.091863425745 229.769456441768 165.753066917733 76.7079589083333 90.8439714439766
186.514831267647 228.925555042992 165.309469379975 76.5769389856627 90.2913953475812
187.339903300752 231.22941668736 165.395146607448 77.4528828484552 93.2876094828171
186.783574984019 231.67456357197 164.338080690044 77.5757448624079 95.2799046831556
187.477972791736 232.91193292001 164.760992727599 78.1913901614189 96.3867486602244
187.358439684236 233.57711579048 164.249101631114 78.439696495367 97.9512258655911
187.66723263909 234.526268701684 164.237714607793 78.8814837952785 99.2380880805341
188.278211521489 236.101372194923 164.366631184772 79.606051059737 101.177287279126
188.22396306153 237.030787218383 163.820550983104 79.9413357902085 103.129909926472
187.789106951225 236.682331849986 163.342494501844 79.827452268566 103.286758613146
188.047994489357 237.608562714359 163.267710376856 80.2755125292017 104.618176198589
188.623879467488 239.079438174977 163.396100113744 80.9451423863541 106.409086849286
188.329628137458 239.159903826705 162.914490292834 81.4763813101432 107.138907038319
188.779121790809 240.090085876764 163.123639747832 81.9614077625967 108.103895161845
189.28288114798 241.340958495249 163.253842474345 82.242498300797 109.595236509854
188.980160904834 241.254909944427 162.842786385038 82.8943989135234 110.010543453296
189.208870838678 241.926250247183 162.850181134426 83.3679816594504 110.890056242532
189.393558042494 242.641056774156 162.769808676663 83.5786233403615 111.93903137493
189.50211792038 243.328841146856 162.588756307142 84.3079871152016 113.080220031093
189.646796599389 243.957314060057 162.491537869055 84.5801551793665 114.034447978715
190.178698599573 245.326655034209 162.604720382255 85.2397271512547 115.695561747511
190.415544604663 246.270754004248 162.48793990487 85.8463952846665 117.087786116603
190.69428034018 247.252316811468 162.415262104536 86.2587979238973 118.471233210543
191.149021709943 248.594494231302 162.426285449264 87.0635748462445 120.219971535153
191.461290585534 249.843774374036 162.270048691283 87.8345349978316 122.055929227682
191.287382413885 249.972664400757 161.944741420449 88.125654374663 122.635975525223
191.89625722905 250.834874716529 162.426948485311 89.0428599184534 123.155461264566
191.406835392551 251.402528125445 161.408989026104 89.1881655071134 125.180944395432
192.504753149797 253.477638714852 162.01831036727 90.19871336649 127.122939217761
192.220811620846 253.286286328927 161.688074266806 90.2181130792016 127.287979722333
192.332880174385 253.883954759618 161.557342881768 90.6298214107564 128.230702725211
192.08559065226 253.428276651082 161.414247652849 90.7260842550581 127.816470633594
191.903066906709 253.18511618174 161.262042269194 90.4358517776091 127.690486786615
192.233665975475 253.420970204188 161.640013861119 90.1906507558164 127.52383660653
192.243964853274 253.319578249172 161.706158155325 90.3992940131349 127.308686433685
