180.121159620042 210.328382621409 165.017548119359 69.198437420003 65.2313456902594
180.471248739485 212.040439556585 164.686653330935 69.7838819883034 68.0545447409906
181.177374850075 213.27756153119 165.127281509517 70.3688723245178 69.161968931388
181.58832343147 214.674076882468 165.045446705971 70.9611959227452 71.1997607822628
182.600388821912 216.744658330412 165.528254067662 71.3724679449338 73.3936543432066
182.902334597888 217.510079461779 165.598462165943 72.0006255411567 74.3503861006591
182.971485553834 218.329207901028 165.292624380237 72.0753618270927 75.8886616368397
183.999700559966 220.65299927558 165.673051202159 72.9834632099736 78.5576895718157
184.641423516393 222.083892734706 165.920188907237 73.8627569186686 80.1806994975899
185.056900817226 223.660614989193 165.755043731243 73.9715216244834 82.5531176038833
185.724695840084 225.213895804525 165.980095857864 75.0410684375662 84.3661690594701
185.740319722569 225.917469680044 165.651744743832 75.0530373043835 85.7608918599544
185.839522004859 226.60187445814 165.458345778218 75.5299984179352 86.9474908985933
185.786718341376 226.886854489967 165.236650267081 75.8063846960957 87.628940795647
186.079293044532 228.438558668993 164.899660232302 76.2331195852243 90.176388159942
186.770056424964 230.172505747968 165.068831763462 76.9609753811168 92.2936118482825
186.574004833083 230.094036550779 164.813988974235 76.9901671753336 92.5245307121154
186.735501673985 231.171299168564 164.517602926696 77.2799972940053 94.3666451617149
186.656403946794 231.655620646665 164.156795596859 77.7978390269882 95.4928706431406
187.36844743965 233.691422700907 164.206959809022 78.3573415817787 98.1597048807225
187.984184712537 235.503139391457 164.224707373077 79.1136833973868 100.562555541367
188.483067766929 236.761875268394 164.343664016196 79.8269583105278 102.089888686303
188.210969401988 237.215443829648 163.708732188158 79.9029652265337 103.521590488842
188.583160858628 237.963748989258 163.892866793313 80.4073660000982 104.279888971564
188.555868030136 238.308549502354 163.679527294027 80.5697295894127 105.016100289904
188.532594526865 238.578816960493 163.509483310051 80.8752365129827 105.596329709155
188.455573059728 239.258315368837 163.054201905173 81.2939703034966 107.089060784968
188.763205716429 240.157583671787 163.06601673875 82.0289596618883 108.267854062858
189.52135080408 242.092616566429 163.235717922906 82.5331049161564 110.614516771717
189.186995329354 241.511637591885 163.024674198088 82.9592392125739 110.116538448395
189.102629258233 241.527991854077 162.889947960311 83.2841646996217 110.311581629098
189.415269689608 242.376897333434 162.934455867695 83.6746973461835 111.378164141137
189.486413162322 243.391158916753 162.534040285106 84.3217279046855 113.232625751811
189.819200229742 244.005392221749 162.726104233739 84.7712400504331 113.797698793278
189.93481701759 245.365778587076 162.219336232847 84.9482672384492 116.238820359213
190.47696258331 246.738298262687 162.346294743621 85.9502759820903 117.883191678039
190.275634714095 246.832741655524 161.997081243381 86.0723502221265 118.451430599046
190.832946858301 248.02045224864 162.239194163131 86.9482036196499 119.703878328116
190.768008123248 248.594812695518 161.854605837113 87.29791411633 120.944913595444
191.036356839653 249.465056300558 161.822007109201 88.13879153703 122.126443859149
191.34117207067 250.490818119027 161.766349046491 88.7774758302082 123.53922688896
191.832584786418 251.991993502131 161.752880428561 89.422497909955 125.517946448104
192.395740708465 253.131894423592 162.027663850901 90.0595089130447 126.660212248698
192.065176840051 253.3679619388 161.413784290677 90.3476630954997 127.738471268675
192.030115591051 253.685726019768 161.202310376692 90.8436125302534 128.417303741371
192.503613539288 253.872887246627 161.818976685618 90.9008506751279 127.888313154272
192.295716806779 253.389660322107 161.748745049115 90.6282209906033 127.346604866572
192.553810269889 253.486258838931 162.087585985368 90.5272088207234 127.047187382585
192.081864570537 253.626963546018 161.309315082797 90.3465901863799 128.206765444911
