180.374802891712 211.480383706793 164.822012484171 69.4263766529013 67.0949316112607
180.664955222631 211.800168082298 165.097348792798 69.7186912922618 67.160666053189
181.362972092761 213.538838198916 165.275039039683 70.4426031441904 69.3211092778415
181.849093932741 214.270850292424 165.6382157529 70.7113345945053 69.8361896332279
182.031266298248 215.688997869547 165.202400512599 71.1746935625554 72.3839337434023
182.863031349798 216.868907555175 165.860093247109 72.0317504432501 73.1140811674511
182.98027648109 217.391763763943 165.774532839664 72.4615183047665 73.9491072369851
183.972872747924 219.64526196787 166.136678137951 73.014712070366 76.5520118528335
183.979517607961 221.37469990773 165.281926458076 73.6297835576283 80.0704348265576
185.118852723833 223.129462303974 166.113547933763 74.0044538646831 81.3480554122267
185.581646486495 224.924530872396 165.910204293544 74.6904439030598 84.0660379493528
185.896900527729 225.902441020217 165.894130281485 75.1327438526566 85.4169723985024
186.144161248175 227.030809649765 165.70083704738 75.2567508116751 87.2062366665968
186.027405937369 227.571028573152 165.255594619478 75.8827895697915 88.5304954693376
186.8132335031 229.711642450445 165.364029029428 76.4367743086005 91.2811387729307
186.860072441076 229.532122378113 165.524047472558 76.7673091939184 90.8267311824559
187.021832285632 230.96818490703 165.048655974933 77.3050196420199 93.3929303877341
186.533293886558 231.163798823798 164.218041417938 77.221534058902 94.7510333277618
186.818426968137 231.56965439029 164.442813257061 78.073563491098 95.0010307176786
187.727901850514 234.053005576499 164.565349987521 78.489120503315 98.1748954067037
188.284906110023 235.586374552458 164.634171888805 78.9336094732216 100.1390028744
188.175318817582 236.151111097143 164.187422677802 79.4456428650369 101.477541149296
188.298566452883 237.405918612993 163.744890372828 79.8761950381961 103.728565744151
187.82751379599 236.903571843027 163.289484772471 79.9851091991549 103.650606073173
188.388840001651 237.555825583178 163.805347210887 80.5921596223818 103.84985901901
188.755879614196 238.872130456527 163.697754193031 81.0359736067249 105.74267517614
188.585760648303 238.686641244794 163.535320350057 81.6567803291528 105.706329100952
189.023087622828 240.375343877135 163.346959495675 82.0520467368913 108.194243385184
189.039836334776 240.791153302946 163.164177850691 82.2474893348499 108.981782907156
189.429836641637 241.543677631297 163.372916146807 82.6512017575919 109.710553771037
189.600600459526 242.528328470845 163.136736453867 83.2158595611297 111.318633173284
189.214115860602 242.149025216847 162.746661182479 83.4111344611751 111.317916782056
189.805748847698 243.511083018482 162.953081762306 84.1538807827617 112.854020690965
189.766645489318 244.055840711557 162.622047878199 84.5051150377733 113.997476595395
190.25762814542 245.645533270239 162.563675583011 85.279743950215 116.168059240206
190.518844709135 246.696986064688 162.429774031359 85.9557215361505 117.722623763456
190.677540532718 247.505922376255 162.263349610949 86.283098165183 118.997532768226
191.277673537233 248.690749898753 162.571135356473 87.0485722784786 120.16255412544
190.970790140296 249.029556020177 161.941407200356 87.6242259803367 121.404873436659
191.640567820972 250.697462475751 162.112120493582 88.4211625234065 123.37319145524
191.906651820196 251.688521187029 162.015717136779 88.9540357286167 124.790654703005
191.945541139139 251.941692052334 161.947465682542 89.2641432250135 125.207366444325
192.292598490214 253.339343629669 161.769225920487 90.0518274627897 127.255305021299
192.684336427475 254.071254293788 161.990877494318 90.6462408322994 127.931226704143
192.4066177859 253.859424734836 161.680214311432 90.982451996964 128.044752710827
192.099570099689 253.384761280091 161.456974509488 90.7174706296868 127.706207900495
192.355955881986 253.693676558163 161.687095543897 90.3887497093283 127.82017146969
192.157783414553 253.021686827889 161.725831707885 90.3159440852999 126.89558131702
192.23464717981 253.395663109074 161.654139215178 90.4963308362271 127.473132467872
192.008203065188 252.971284807676 161.526662193944 90.6473902425098 127.079888779051
191.975061982781 253.342953215393 161.291116366475 90.6872821876616 127.859660224163
