18.076 18.511 15.975
19.173 17.829 16.914
17.728 19.423 18.723
19.133 16.476 19.996
17.742 18.448 18.317
18.585 19.591 20.945
19.505 19.249 19.508
18.888 19.677 19.651
18.921 18.241 22.354
19.945 20.423 21.302
20.46 21.906 20.809
20.632 21.103 20.615
20.243 21.793 20.148
21.627 20.386 20.372
19.815 20.744 21.931
20.084 22.174 22.784
22.649 20.834 22.587
21.784 20.064 22.808
21.764 21.588 24.554
22.694 24.350 23.372
23.405 24.052 22.294
22.170 24.163 24.743
23.004 25.724 24.782
23.694 25.002 23.975
25.444 24.408 24.366
22.905 23.449 24.608
25.771 25.854 26.405
24.761 25.612 25.341
25.037 25.181 23.783
26.839 26.000 24.486
23.507 27.704 24.253
24.743 25.510 24.012
25.216 25.147 26.430
25.035 26.676 24.170
24.008 24.954 25.643
26.120 24.807 26.934
27.048 26.454 27.155
25.376 24.732 27.775
24.54 24.494 24.497
27.127 27.538 25.315
27.644 25.867 25.642
25.671 28.632 27.675
26.107 27.709 26.488
26.165 25.851 26.416
26.423 27.309 25.449
27.291 27.038 27.551
27.304 26.354 26.415
27.676 27.024 27.594
27.031 27.606 27.623
26.152 25.929 25.452
27.684 27.206 27.454
