180.481476337739 211.320845598655 165.061791707281 69.6195651391868 66.5458619456664
180.834843681031 211.88900513308 165.307762955007 69.9611318147586 66.9956295524749
181.209218769865 212.745105044074 165.441275632761 70.4681922154868 67.997345307142
181.24694037727 214.528496019913 164.606162555949 70.8629455056931 71.5967532287223
182.491718286594 216.348852131508 165.563151364137 71.5102867853269 72.8018735671817
183.069019627354 217.560321260863 165.8233688106 72.0276004369919 74.1145234567324
183.245099520067 218.880773456425 165.427262551888 72.519052572817 76.4628345569151
183.892096785014 220.409035673415 165.633627340813 73.1591085225146 78.277084288217
184.068915263678 221.904957367011 165.150894212011 73.5687696096687 80.9701659266683
184.995026984278 223.535653690249 165.724713631292 74.2707247738388 82.4235189144676
185.513139471036 224.934755801317 165.802331305896 74.5741713523721 84.2242168044027
185.667612761699 226.079853369622 165.461492457737 75.0909804376545 86.2350794876155
186.169586361534 226.92686470455 165.790947190026 75.5894615899385 86.945242594959
186.334224029894 227.565069987765 165.718801050959 75.8003977697213 87.9065533583696
187.091863425745 229.769456441768 165.753066917733 76.7079589083333 90.8439714439766
186.514831267647 228.925555042992 165.309469379975 76.5769389856627 90.2913953475812
187.339903300752 231.22941668736 165.395146607448 77.4528828484552 93.2876094828171
186.783574984019 231.67456357197 164.338080690044 77.5757448624079 95.2799046831556
187.477972791736 232.91193292001 164.760992727599 78.1913901614189 96.3867486602244
187.358439684236 233.57711579048 164.249101631114 78.439696495367 97.9512258655911
187.66723263909 234.526268701684 164.237714607793 78.8814837952785 99.2380880805341
188.278211521489 236.101372194923 164.366631184772 79.606051059737 101.177287279126
188.22396306153 237.030787218383 163.820550983104 79.9413357902085 103.129909926472
187.789106951225 236.682331849986 163.342494501844 79.827452268566 103.286758613146
188.047994489357 237.608562714359 163.267710376856 80.2755125292017 104.618176198589
188.623879467488 239.079438174977 163.396100113744 80.9451423863541 106.409086849286
188.329628137458 239.159903826705 162.914490292834 81.4763813101432 107.138907038319
188.779121790809 240.090085876764 163.123639747832 81.9614077625967 108.103895161845
189.28288114798 241.340958495249 163.253842474345 82.242498300797 109.595236509854
188.980160904834 241.254909944427 162.842786385038 82.8943989135234 110.010543453296
189.208870838678 241.926250247183 162.850181134426 83.3679816594504 110.890056242532
189.393558042494 242.641056774156 162.769808676663 83.5786233403615 111.93903137493
189.50211792038 243.328841146856 162.588756307142 84.3079871152016 113.080220031093
189.646796599389 243.957314060057 162.491537869055 84.5801551793665 114.034447978715
190.178698599573 245.326655034209 162.604720382255 85.2397271512547 115.695561747511
190.415544604663 246.270754004248 162.48793990487 85.8463952846665 117.087786116603
190.69428034018 247.252316811468 162.415262104536 86.2587979238973 118.471233210543
191.149021709943 248.594494231302 162.426285449264 87.0635748462445 120.219971535153
191.461290585534 249.843774374036 162.270048691283 87.8345349978316 122.055929227682
191.287382413885 249.972664400757 161.944741420449 88.125654374663 122.635975525223
191.89625722905 250.834874716529 162.426948485311 89.0428599184534 123.155461264566
191.406835392551 251.402528125445 161.408989026104 89.1881655071134 125.180944395432
192.504753149797 253.477638714852 162.01831036727 90.19871336649 127.122939217761
192.220811620846 253.286286328927 161.688074266806 90.2181130792016 127.287979722333
192.332880174385 253.883954759618 161.557342881768 90.6298214107564 128.230702725211
192.08559065226 253.428276651082 161.414247652849 90.7260842550581 127.816470633594
191.903066906709 253.18511618174 161.262042269194 90.4358517776091 127.690486786615
192.233665975475 253.420970204188 161.640013861119 90.1906507558164 127.52383660653
192.243964853274 253.319578249172 161.706158155325 90.3992940131349 127.308686433685
180.374802891712 211.480383706793 164.822012484171 69.4263766529013 67.0949316112607
180.664955222631 211.800168082298 165.097348792798 69.7186912922618 67.160666053189
181.362972092761 213.538838198916 165.275039039683 70.4426031441904 69.3211092778415
181.849093932741 214.270850292424 165.6382157529 70.7113345945053 69.8361896332279
182.031266298248 215.688997869547 165.202400512599 71.1746935625554 72.3839337434023
182.863031349798 216.868907555175 165.860093247109 72.0317504432501 73.1140811674511
182.98027648109 217.391763763943 165.774532839664 72.4615183047665 73.9491072369851
183.972872747924 219.64526196787 166.136678137951 73.014712070366 76.5520118528335
183.979517607961 221.37469990773 165.281926458076 73.6297835576283 80.0704348265576
185.118852723833 223.129462303974 166.113547933763 74.0044538646831 81.3480554122267
185.581646486495 224.924530872396 165.910204293544 74.6904439030598 84.0660379493528
185.896900527729 225.902441020217 165.894130281485 75.1327438526566 85.4169723985024
186.144161248175 227.030809649765 165.70083704738 75.2567508116751 87.2062366665968
186.027405937369 227.571028573152 165.255594619478 75.8827895697915 88.5304954693376
186.8132335031 229.711642450445 165.364029029428 76.4367743086005 91.2811387729307
186.860072441076 229.532122378113 165.524047472558 76.7673091939184 90.8267311824559
187.021832285632 230.96818490703 165.048655974933 77.3050196420199 93.3929303877341
186.533293886558 231.163798823798 164.218041417938 77.221534058902 94.7510333277618
186.818426968137 231.56965439029 164.442813257061 78.073563491098 95.0010307176786
187.727901850514 234.053005576499 164.565349987521 78.489120503315 98.1748954067037
188.284906110023 235.586374552458 164.634171888805 78.9336094732216 100.1390028744
188.175318817582 236.151111097143 164.187422677802 79.4456428650369 101.477541149296
188.298566452883 237.405918612993 163.744890372828 79.8761950381961 103.728565744151
187.82751379599 236.903571843027 163.289484772471 79.9851091991549 103.650606073173
188.388840001651 237.555825583178 163.805347210887 80.5921596223818 103.84985901901
188.755879614196 238.872130456527 163.697754193031 81.0359736067249 105.74267517614
188.585760648303 238.686641244794 163.535320350057 81.6567803291528 105.706329100952
189.023087622828 240.375343877135 163.346959495675 82.0520467368913 108.194243385184
189.039836334776 240.791153302946 163.164177850691 82.2474893348499 108.981782907156
189.429836641637 241.543677631297 163.372916146807 82.6512017575919 109.710553771037
189.600600459526 242.528328470845 163.136736453867 83.2158595611297 111.318633173284
189.214115860602 242.149025216847 162.746661182479 83.4111344611751 111.317916782056
189.805748847698 243.511083018482 162.953081762306 84.1538807827617 112.854020690965
189.766645489318 244.055840711557 162.622047878199 84.5051150377733 113.997476595395
190.25762814542 245.645533270239 162.563675583011 85.279743950215 116.168059240206
190.518844709135 246.696986064688 162.429774031359 85.9557215361505 117.722623763456
190.677540532718 247.505922376255 162.263349610949 86.283098165183 118.997532768226
191.277673537233 248.690749898753 162.571135356473 87.0485722784786 120.16255412544
190.970790140296 249.029556020177 161.941407200356 87.6242259803367 121.404873436659
191.640567820972 250.697462475751 162.112120493582 88.4211625234065 123.37319145524
191.906651820196 251.688521187029 162.015717136779 88.9540357286167 124.790654703005
191.945541139139 251.941692052334 161.947465682542 89.2641432250135 125.207366444325
192.292598490214 253.339343629669 161.769225920487 90.0518274627897 127.255305021299
192.684336427475 254.071254293788 161.990877494318 90.6462408322994 127.931226704143
192.4066177859 253.859424734836 161.680214311432 90.982451996964 128.044752710827
192.099570099689 253.384761280091 161.456974509488 90.7174706296868 127.706207900495
192.355955881986 253.693676558163 161.687095543897 90.3887497093283 127.82017146969
192.157783414553 253.021686827889 161.725831707885 90.3159440852999 126.89558131702
192.23464717981 253.395663109074 161.654139215178 90.4963308362271 127.473132467872
180.121159620042 210.328382621409 165.017548119359 69.198437420003 65.2313456902594
180.471248739485 212.040439556585 164.686653330935 69.7838819883034 68.0545447409906
181.177374850075 213.27756153119 165.127281509517 70.3688723245178 69.161968931388
181.58832343147 214.674076882468 165.045446705971 70.9611959227452 71.1997607822628
182.600388821912 216.744658330412 165.528254067662 71.3724679449338 73.3936543432066
182.902334597888 217.510079461779 165.598462165943 72.0006255411567 74.3503861006591
182.971485553834 218.329207901028 165.292624380237 72.0753618270927 75.8886616368397
183.999700559966 220.65299927558 165.673051202159 72.9834632099736 78.5576895718157
184.641423516393 222.083892734706 165.920188907237 73.8627569186686 80.1806994975899
185.056900817226 223.660614989193 165.755043731243 73.9715216244834 82.5531176038833
185.724695840084 225.213895804525 165.980095857864 75.0410684375662 84.3661690594701
185.740319722569 225.917469680044 165.651744743832 75.0530373043835 85.7608918599544
185.839522004859 226.60187445814 165.458345778218 75.5299984179352 86.9474908985933
185.786718341376 226.886854489967 165.236650267081 75.8063846960957 87.628940795647
186.079293044532 228.438558668993 164.899660232302 76.2331195852243 90.176388159942
186.770056424964 230.172505747968 165.068831763462 76.9609753811168 92.2936118482825
186.574004833083 230.094036550779 164.813988974235 76.9901671753336 92.5245307121154
186.735501673985 231.171299168564 164.517602926696 77.2799972940053 94.3666451617149
186.656403946794 231.655620646665 164.156795596859 77.7978390269882 95.4928706431406
187.36844743965 233.691422700907 164.206959809022 78.3573415817787 98.1597048807225
187.984184712537 235.503139391457 164.224707373077 79.1136833973868 100.562555541367
188.483067766929 236.761875268394 164.343664016196 79.8269583105278 102.089888686303
188.210969401988 237.215443829648 163.708732188158 79.9029652265337 103.521590488842
188.583160858628 237.963748989258 163.892866793313 80.4073660000982 104.279888971564
188.555868030136 238.308549502354 163.679527294027 80.5697295894127 105.016100289904
188.532594526865 238.578816960493 163.509483310051 80.8752365129827 105.596329709155
188.455573059728 239.258315368837 163.054201905173 81.2939703034966 107.089060784968
188.763205716429 240.157583671787 163.06601673875 82.0289596618883 108.267854062858
189.52135080408 242.092616566429 163.235717922906 82.5331049161564 110.614516771717
189.186995329354 241.511637591885 163.024674198088 82.9592392125739 110.116538448395
189.102629258233 241.527991854077 162.889947960311 83.2841646996217 110.311581629098
189.415269689608 242.376897333434 162.934455867695 83.6746973461835 111.378164141137
189.486413162322 243.391158916753 162.534040285106 84.3217279046855 113.232625751811
189.819200229742 244.005392221749 162.726104233739 84.7712400504331 113.797698793278
189.93481701759 245.365778587076 162.219336232847 84.9482672384492 116.238820359213
190.47696258331 246.738298262687 162.346294743621 85.9502759820903 117.883191678039
190.275634714095 246.832741655524 161.997081243381 86.0723502221265 118.451430599046
190.832946858301 248.02045224864 162.239194163131 86.9482036196499 119.703878328116
190.768008123248 248.594812695518 161.854605837113 87.29791411633 120.944913595444
191.036356839653 249.465056300558 161.822007109201 88.13879153703 122.126443859149
191.34117207067 250.490818119027 161.766349046491 88.7774758302082 123.53922688896
191.832584786418 251.991993502131 161.752880428561 89.422497909955 125.517946448104
192.395740708465 253.131894423592 162.027663850901 90.0595089130447 126.660212248698
192.065176840051 253.3679619388 161.413784290677 90.3476630954997 127.738471268675
192.030115591051 253.685726019768 161.202310376692 90.8436125302534 128.417303741371
192.503613539288 253.872887246627 161.818976685618 90.9008506751279 127.888313154272
192.295716806779 253.389660322107 161.748745049115 90.6282209906033 127.346604866572
192.553810269889 253.486258838931 162.087585985368 90.5272088207234 127.047187382585
192.081864570537 253.626963546018 161.309315082797 90.3465901863799 128.206765444911
