18.076
19.173
17.728
19.133
17.742
18.585
19.505
18.888
18.921
19.945
20.46
20.632
20.243
21.627
19.815
20.084
22.649
21.784
21.764
22.694
23.405
22.17
23.004
23.694
25.444
22.905
25.771
24.761
25.037
26.839
23.507
24.743
25.216
25.035
24.008
26.12
27.048
25.376
24.54
27.127
27.644
25.671
26.107
26.165
26.423
27.291
27.304
27.676
27.031
18.511
17.829
19.423
16.476
18.448
19.591
19.249
19.677
18.241
20.423
21.906
21.103
21.793
20.386
20.744
22.174
20.834
20.064
21.588
24.35
24.052
24.163
25.724
25.002
24.408
23.449
25.854
25.612
25.181
26.0
27.704
25.51
25.147
26.676
24.954
24.807
26.454
24.732
24.494
27.538
25.867
28.632
27.709
25.851
27.309
27.038
26.354
27.024
27.606
15.975
16.914
18.723
19.996
18.317
20.945
19.508
19.651
22.354
21.302
20.809
20.615
20.148
20.372
21.931
22.784
22.587
22.808
24.554
23.372
22.294
24.743
24.782
23.975
24.366
24.608
26.405
25.341
23.783
24.486
24.253
24.012
26.43
24.17
25.643
26.934
27.155
27.775
24.497
25.315
25.642
27.675
26.488
26.416
25.449
27.551
26.415
27.594
27.623
